W25000L1000
 VDS           VGS           VSB           IDS
 1.000000e-01  0.000000e+00  0.000000e+00  1.392521e-12
 1.000000e-01  5.000000e-02  0.000000e+00  4.054666e-12
 1.000000e-01  1.000000e-01  0.000000e+00  1.447019e-11
 1.000000e-01  1.500000e-01  0.000000e+00  5.580526e-11
 1.000000e-01  2.000000e-01  0.000000e+00  2.220301e-10
 1.000000e-01  2.500000e-01  0.000000e+00  8.986784e-10
 1.000000e-01  3.000000e-01  0.000000e+00  3.682908e-09
 1.000000e-01  3.500000e-01  0.000000e+00  1.522494e-08
 1.000000e-01  4.000000e-01  0.000000e+00  6.288296e-08
 1.000000e-01  4.500000e-01  0.000000e+00  2.509490e-07
 1.000000e-01  5.000000e-01  0.000000e+00  8.876754e-07
 1.000000e-01  5.500000e-01  0.000000e+00  2.607375e-06
 1.000000e-01  6.000000e-01  0.000000e+00  6.733359e-06
 1.000000e-01  6.500000e-01  0.000000e+00  1.526324e-05
 1.000000e-01  7.000000e-01  0.000000e+00  2.962719e-05
 1.000000e-01  7.500000e-01  0.000000e+00  4.831960e-05
 1.000000e-01  8.000000e-01  0.000000e+00  6.826950e-05
 1.000000e-01  8.500000e-01  0.000000e+00  8.842680e-05
 1.000000e-01  9.000000e-01  0.000000e+00  1.085279e-04
 1.000000e-01  9.500000e-01  0.000000e+00  1.284592e-04
 1.000000e-01  1.000000e+00  0.000000e+00  1.481539e-04
 1.000000e-01  1.050000e+00  0.000000e+00  1.675689e-04
 1.000000e-01  1.100000e+00  0.000000e+00  1.866764e-04
 1.000000e-01  1.150000e+00  0.000000e+00  2.054586e-04
 1.000000e-01  1.200000e+00  0.000000e+00  2.239049e-04
 1.000000e-01  1.250000e+00  0.000000e+00  2.420095e-04
 1.000000e-01  1.300000e+00  0.000000e+00  2.597704e-04
 1.000000e-01  1.350000e+00  0.000000e+00  2.771881e-04
 1.000000e-01  1.400000e+00  0.000000e+00  2.942653e-04
 1.000000e-01  1.450000e+00  0.000000e+00  3.110056e-04
 1.000000e-01  1.500000e+00  0.000000e+00  3.274141e-04
 1.000000e-01  1.550000e+00  0.000000e+00  3.434963e-04
 1.000000e-01  1.600000e+00  0.000000e+00  3.592586e-04
 1.000000e-01  1.650000e+00  0.000000e+00  3.747073e-04
 1.000000e-01  1.700000e+00  0.000000e+00  3.898493e-04
 1.000000e-01  1.750000e+00  0.000000e+00  4.046915e-04
 1.000000e-01  1.800000e+00  0.000000e+00  4.192408e-04
 1.000000e-01  1.850000e+00  0.000000e+00  4.335043e-04
 1.000000e-01  1.900000e+00  0.000000e+00  4.474888e-04
 1.000000e-01  1.950000e+00  0.000000e+00  4.612014e-04
 1.000000e-01  2.000000e+00  0.000000e+00  4.746488e-04
 1.000000e-01  2.050000e+00  0.000000e+00  4.878374e-04
 1.000000e-01  2.100000e+00  0.000000e+00  5.007740e-04
 1.000000e-01  2.150000e+00  0.000000e+00  5.134649e-04
 1.000000e-01  2.200000e+00  0.000000e+00  5.259168e-04
 1.000000e-01  2.250000e+00  0.000000e+00  5.381352e-04
 1.000000e-01  2.300000e+00  0.000000e+00  5.501264e-04
 1.000000e-01  2.350000e+00  0.000000e+00  5.618961e-04
 1.000000e-01  2.400000e+00  0.000000e+00  5.734499e-04
 1.000000e-01  2.450000e+00  0.000000e+00  5.847930e-04
 1.000000e-01  2.500000e+00  0.000000e+00  5.959314e-04
 1.000000e-01  2.550000e+00  0.000000e+00  6.068700e-04
 1.000000e-01  2.600000e+00  0.000000e+00  6.176142e-04
 1.000000e-01  2.650000e+00  0.000000e+00  6.281680e-04
 1.000000e-01  2.700000e+00  0.000000e+00  6.385365e-04
 1.000000e-01  2.750000e+00  0.000000e+00  6.487249e-04
 1.000000e-01  2.800000e+00  0.000000e+00  6.587370e-04
 1.000000e-01  2.850000e+00  0.000000e+00  6.685772e-04
 1.000000e-01  2.900000e+00  0.000000e+00  6.782499e-04
 1.000000e-01  2.950000e+00  0.000000e+00  6.877593e-04
 1.000000e-01  3.000000e+00  0.000000e+00  6.971089e-04
 1.000000e-01  3.050000e+00  0.000000e+00  7.063029e-04
 1.000000e-01  3.100000e+00  0.000000e+00  7.153452e-04
 1.000000e-01  3.150000e+00  0.000000e+00  7.242390e-04
 1.000000e-01  3.200000e+00  0.000000e+00  7.329879e-04
 1.000000e-01  3.250000e+00  0.000000e+00  7.415955e-04
 1.000000e-01  3.300000e+00  0.000000e+00  7.500654e-04
 1.000000e-01  3.350000e+00  0.000000e+00  7.583998e-04
 1.000000e-01  3.400000e+00  0.000000e+00  7.666029e-04
 1.000000e-01  3.450000e+00  0.000000e+00  7.746768e-04
 1.000000e-01  3.500000e+00  0.000000e+00  7.826251e-04
 1.000000e-01  3.550000e+00  0.000000e+00  7.904502e-04
 1.000000e-01  3.600000e+00  0.000000e+00  7.981556e-04
 1.000000e-01  0.000000e+00  5.000000e-01  2.711958e-12
 1.000000e-01  5.000000e-02  5.000000e-01  2.727463e-12
 1.000000e-01  1.000000e-01  5.000000e-01  2.795049e-12
 1.000000e-01  1.500000e-01  5.000000e-01  3.091968e-12
 1.000000e-01  2.000000e-01  5.000000e-01  4.406086e-12
 1.000000e-01  2.500000e-01  5.000000e-01  1.026330e-11
 1.000000e-01  3.000000e-01  5.000000e-01  3.654585e-11
 1.000000e-01  3.500000e-01  5.000000e-01  1.552381e-10
 1.000000e-01  4.000000e-01  5.000000e-01  6.944702e-10
 1.000000e-01  4.500000e-01  5.000000e-01  3.156751e-09
 1.000000e-01  5.000000e-01  5.000000e-01  1.442157e-08
 1.000000e-01  5.500000e-01  5.000000e-01  6.536304e-08
 1.000000e-01  6.000000e-01  5.000000e-01  2.812207e-07
 1.000000e-01  6.500000e-01  5.000000e-01  1.031005e-06
 1.000000e-01  7.000000e-01  5.000000e-01  3.074637e-06
 1.000000e-01  7.500000e-01  5.000000e-01  8.010805e-06
 1.000000e-01  8.000000e-01  5.000000e-01  1.790195e-05
 1.000000e-01  8.500000e-01  5.000000e-01  3.361079e-05
 1.000000e-01  9.000000e-01  5.000000e-01  5.248985e-05
 1.000000e-01  9.500000e-01  5.000000e-01  7.207088e-05
 1.000000e-01  1.000000e+00  5.000000e-01  9.173417e-05
 1.000000e-01  1.050000e+00  5.000000e-01  1.112996e-04
 1.000000e-01  1.100000e+00  5.000000e-01  1.306773e-04
 1.000000e-01  1.150000e+00  5.000000e-01  1.498122e-04
 1.000000e-01  1.200000e+00  5.000000e-01  1.686686e-04
 1.000000e-01  1.250000e+00  5.000000e-01  1.872236e-04
 1.000000e-01  1.300000e+00  5.000000e-01  2.054628e-04
 1.000000e-01  1.350000e+00  5.000000e-01  2.233779e-04
 1.000000e-01  1.400000e+00  5.000000e-01  2.409648e-04
 1.000000e-01  1.450000e+00  5.000000e-01  2.582225e-04
 1.000000e-01  1.500000e+00  5.000000e-01  2.751521e-04
 1.000000e-01  1.550000e+00  5.000000e-01  2.917566e-04
 1.000000e-01  1.600000e+00  5.000000e-01  3.080399e-04
 1.000000e-01  1.650000e+00  5.000000e-01  3.240071e-04
 1.000000e-01  1.700000e+00  5.000000e-01  3.396636e-04
 1.000000e-01  1.750000e+00  5.000000e-01  3.550153e-04
 1.000000e-01  1.800000e+00  5.000000e-01  3.700685e-04
 1.000000e-01  1.850000e+00  5.000000e-01  3.848297e-04
 1.000000e-01  1.900000e+00  5.000000e-01  3.993053e-04
 1.000000e-01  1.950000e+00  5.000000e-01  4.135020e-04
 1.000000e-01  2.000000e+00  5.000000e-01  4.274263e-04
 1.000000e-01  2.050000e+00  5.000000e-01  4.410848e-04
 1.000000e-01  2.100000e+00  5.000000e-01  4.544838e-04
 1.000000e-01  2.150000e+00  5.000000e-01  4.676301e-04
 1.000000e-01  2.200000e+00  5.000000e-01  4.805293e-04
 1.000000e-01  2.250000e+00  5.000000e-01  4.931883e-04
 1.000000e-01  2.300000e+00  5.000000e-01  5.056128e-04
 1.000000e-01  2.350000e+00  5.000000e-01  5.178083e-04
 1.000000e-01  2.400000e+00  5.000000e-01  5.297805e-04
 1.000000e-01  2.450000e+00  5.000000e-01  5.415358e-04
 1.000000e-01  2.500000e+00  5.000000e-01  5.530793e-04
 1.000000e-01  2.550000e+00  5.000000e-01  5.644156e-04
 1.000000e-01  2.600000e+00  5.000000e-01  5.755505e-04
 1.000000e-01  2.650000e+00  5.000000e-01  5.864890e-04
 1.000000e-01  2.700000e+00  5.000000e-01  5.972359e-04
 1.000000e-01  2.750000e+00  5.000000e-01  6.077961e-04
 1.000000e-01  2.800000e+00  5.000000e-01  6.181735e-04
 1.000000e-01  2.850000e+00  5.000000e-01  6.283732e-04
 1.000000e-01  2.900000e+00  5.000000e-01  6.383997e-04
 1.000000e-01  2.950000e+00  5.000000e-01  6.482565e-04
 1.000000e-01  3.000000e+00  5.000000e-01  6.579481e-04
 1.000000e-01  3.050000e+00  5.000000e-01  6.674787e-04
 1.000000e-01  3.100000e+00  5.000000e-01  6.768517e-04
 1.000000e-01  3.150000e+00  5.000000e-01  6.860709e-04
 1.000000e-01  3.200000e+00  5.000000e-01  6.951402e-04
 1.000000e-01  3.250000e+00  5.000000e-01  7.040628e-04
 1.000000e-01  3.300000e+00  5.000000e-01  7.128423e-04
 1.000000e-01  3.350000e+00  5.000000e-01  7.214819e-04
 1.000000e-01  3.400000e+00  5.000000e-01  7.299851e-04
 1.000000e-01  3.450000e+00  5.000000e-01  7.383551e-04
 1.000000e-01  3.500000e+00  5.000000e-01  7.465941e-04
 1.000000e-01  3.550000e+00  5.000000e-01  7.547058e-04
 1.000000e-01  3.600000e+00  5.000000e-01  7.626929e-04
 1.000000e-01  0.000000e+00  1.000000e+00  4.963118e-12
 1.000000e-01  5.000000e-02  1.000000e+00  4.963387e-12
 1.000000e-01  1.000000e-01  1.000000e+00  4.964368e-12
 1.000000e-01  1.500000e-01  1.000000e+00  4.968949e-12
 1.000000e-01  2.000000e-01  1.000000e+00  4.990455e-12
 1.000000e-01  2.500000e-01  1.000000e+00  5.091844e-12
 1.000000e-01  3.000000e-01  1.000000e+00  5.571999e-12
 1.000000e-01  3.500000e-01  1.000000e+00  7.855889e-12
 1.000000e-01  4.000000e-01  1.000000e+00  1.876515e-11
 1.000000e-01  4.500000e-01  1.000000e+00  7.108641e-11
 1.000000e-01  5.000000e-01  1.000000e+00  3.229911e-10
 1.000000e-01  5.500000e-01  1.000000e+00  1.539919e-09
 1.000000e-01  6.000000e-01  1.000000e+00  7.428109e-09
 1.000000e-01  6.500000e-01  1.000000e+00  3.573059e-08
 1.000000e-01  7.000000e-01  1.000000e+00  1.660558e-07
 1.000000e-01  7.500000e-01  1.000000e+00  6.769917e-07
 1.000000e-01  8.000000e-01  1.000000e+00  2.194750e-06
 1.000000e-01  8.500000e-01  1.000000e+00  6.064101e-06
 1.000000e-01  9.000000e-01  1.000000e+00  1.438290e-05
 1.000000e-01  9.500000e-01  1.000000e+00  2.853711e-05
 1.000000e-01  1.000000e+00  1.000000e+00  4.661870e-05
 1.000000e-01  1.050000e+00  1.000000e+00  6.569662e-05
 1.000000e-01  1.100000e+00  1.000000e+00  8.492562e-05
 1.000000e-01  1.150000e+00  1.000000e+00  1.040905e-04
 1.000000e-01  1.200000e+00  1.000000e+00  1.230927e-04
 1.000000e-01  1.250000e+00  1.000000e+00  1.418729e-04
 1.000000e-01  1.300000e+00  1.000000e+00  1.603933e-04
 1.000000e-01  1.350000e+00  1.000000e+00  1.786292e-04
 1.000000e-01  1.400000e+00  1.000000e+00  1.965649e-04
 1.000000e-01  1.450000e+00  1.000000e+00  2.141911e-04
 1.000000e-01  1.500000e+00  1.000000e+00  2.315031e-04
 1.000000e-01  1.550000e+00  1.000000e+00  2.484990e-04
 1.000000e-01  1.600000e+00  1.000000e+00  2.651796e-04
 1.000000e-01  1.650000e+00  1.000000e+00  2.815470e-04
 1.000000e-01  1.700000e+00  1.000000e+00  2.976048e-04
 1.000000e-01  1.750000e+00  1.000000e+00  3.133573e-04
 1.000000e-01  1.800000e+00  1.000000e+00  3.288096e-04
 1.000000e-01  1.850000e+00  1.000000e+00  3.439674e-04
 1.000000e-01  1.900000e+00  1.000000e+00  3.588362e-04
 1.000000e-01  1.950000e+00  1.000000e+00  3.734222e-04
 1.000000e-01  2.000000e+00  1.000000e+00  3.877316e-04
 1.000000e-01  2.050000e+00  1.000000e+00  4.017704e-04
 1.000000e-01  2.100000e+00  1.000000e+00  4.155450e-04
 1.000000e-01  2.150000e+00  1.000000e+00  4.290616e-04
 1.000000e-01  2.200000e+00  1.000000e+00  4.423262e-04
 1.000000e-01  2.250000e+00  1.000000e+00  4.553451e-04
 1.000000e-01  2.300000e+00  1.000000e+00  4.681238e-04
 1.000000e-01  2.350000e+00  1.000000e+00  4.806684e-04
 1.000000e-01  2.400000e+00  1.000000e+00  4.929849e-04
 1.000000e-01  2.450000e+00  1.000000e+00  5.050786e-04
 1.000000e-01  2.500000e+00  1.000000e+00  5.169551e-04
 1.000000e-01  2.550000e+00  1.000000e+00  5.286195e-04
 1.000000e-01  2.600000e+00  1.000000e+00  5.400770e-04
 1.000000e-01  2.650000e+00  1.000000e+00  5.513332e-04
 1.000000e-01  2.700000e+00  1.000000e+00  5.623929e-04
 1.000000e-01  2.750000e+00  1.000000e+00  5.732604e-04
 1.000000e-01  2.800000e+00  1.000000e+00  5.839403e-04
 1.000000e-01  2.850000e+00  1.000000e+00  5.944379e-04
 1.000000e-01  2.900000e+00  1.000000e+00  6.047573e-04
 1.000000e-01  2.950000e+00  1.000000e+00  6.149025e-04
 1.000000e-01  3.000000e+00  1.000000e+00  6.248781e-04
 1.000000e-01  3.050000e+00  1.000000e+00  6.346881e-04
 1.000000e-01  3.100000e+00  1.000000e+00  6.443361e-04
 1.000000e-01  3.150000e+00  1.000000e+00  6.538257e-04
 1.000000e-01  3.200000e+00  1.000000e+00  6.631614e-04
 1.000000e-01  3.250000e+00  1.000000e+00  6.723464e-04
 1.000000e-01  3.300000e+00  1.000000e+00  6.813841e-04
 1.000000e-01  3.350000e+00  1.000000e+00  6.902779e-04
 1.000000e-01  3.400000e+00  1.000000e+00  6.990314e-04
 1.000000e-01  3.450000e+00  1.000000e+00  7.076475e-04
 1.000000e-01  3.500000e+00  1.000000e+00  7.161295e-04
 1.000000e-01  3.550000e+00  1.000000e+00  7.244802e-04
 1.000000e-01  3.600000e+00  1.000000e+00  7.327026e-04
 1.000000e-01  0.000000e+00  1.500000e+00  7.218959e-12
 1.000000e-01  5.000000e-02  1.500000e+00  7.218959e-12
 1.000000e-01  1.000000e-01  1.500000e+00  7.218959e-12
 1.000000e-01  1.500000e-01  1.500000e+00  7.219103e-12
 1.000000e-01  2.000000e-01  1.500000e+00  7.219669e-12
 1.000000e-01  2.500000e-01  1.500000e+00  7.222446e-12
 1.000000e-01  3.000000e-01  1.500000e+00  7.236112e-12
 1.000000e-01  3.500000e-01  1.500000e+00  7.303531e-12
 1.000000e-01  4.000000e-01  1.500000e+00  7.637256e-12
 1.000000e-01  4.500000e-01  1.500000e+00  9.294147e-12
 1.000000e-01  5.000000e-01  1.500000e+00  1.754462e-11
 1.000000e-01  5.500000e-01  1.500000e+00  5.874525e-11
 1.000000e-01  6.000000e-01  1.500000e+00  2.650505e-10
 1.000000e-01  6.500000e-01  1.500000e+00  1.300504e-09
 1.000000e-01  7.000000e-01  1.500000e+00  6.501015e-09
 1.000000e-01  7.500000e-01  1.500000e+00  3.243069e-08
 1.000000e-01  8.000000e-01  1.500000e+00  1.561501e-07
 1.000000e-01  8.500000e-01  1.500000e+00  6.555123e-07
 1.000000e-01  9.000000e-01  1.500000e+00  2.164012e-06
 1.000000e-01  9.500000e-01  1.500000e+00  6.055411e-06
 1.000000e-01  1.000000e+00  1.500000e+00  1.444078e-05
 1.000000e-01  1.050000e+00  1.500000e+00  2.861157e-05
 1.000000e-01  1.100000e+00  1.500000e+00  4.644603e-05
 1.000000e-01  1.150000e+00  1.500000e+00  6.515824e-05
 1.000000e-01  1.200000e+00  1.500000e+00  8.400100e-05
 1.000000e-01  1.250000e+00  1.500000e+00  1.027785e-04
 1.000000e-01  1.300000e+00  1.500000e+00  1.213979e-04
 1.000000e-01  1.350000e+00  1.500000e+00  1.398029e-04
 1.000000e-01  1.400000e+00  1.500000e+00  1.579575e-04
 1.000000e-01  1.450000e+00  1.500000e+00  1.758380e-04
 1.000000e-01  1.500000e+00  1.500000e+00  1.934294e-04
 1.000000e-01  1.550000e+00  1.500000e+00  2.107230e-04
 1.000000e-01  1.600000e+00  1.500000e+00  2.277139e-04
 1.000000e-01  1.650000e+00  1.500000e+00  2.444005e-04
 1.000000e-01  1.700000e+00  1.500000e+00  2.607832e-04
 1.000000e-01  1.750000e+00  1.500000e+00  2.768641e-04
 1.000000e-01  1.800000e+00  1.500000e+00  2.926466e-04
 1.000000e-01  1.850000e+00  1.500000e+00  3.081347e-04
 1.000000e-01  1.900000e+00  1.500000e+00  3.233331e-04
 1.000000e-01  1.950000e+00  1.500000e+00  3.382472e-04
 1.000000e-01  2.000000e+00  1.500000e+00  3.528823e-04
 1.000000e-01  2.050000e+00  1.500000e+00  3.672441e-04
 1.000000e-01  2.100000e+00  1.500000e+00  3.813386e-04
 1.000000e-01  2.150000e+00  1.500000e+00  3.951714e-04
 1.000000e-01  2.200000e+00  1.500000e+00  4.087487e-04
 1.000000e-01  2.250000e+00  1.500000e+00  4.220761e-04
 1.000000e-01  2.300000e+00  1.500000e+00  4.351596e-04
 1.000000e-01  2.350000e+00  1.500000e+00  4.480049e-04
 1.000000e-01  2.400000e+00  1.500000e+00  4.606177e-04
 1.000000e-01  2.450000e+00  1.500000e+00  4.730036e-04
 1.000000e-01  2.500000e+00  1.500000e+00  4.851679e-04
 1.000000e-01  2.550000e+00  1.500000e+00  4.971159e-04
 1.000000e-01  2.600000e+00  1.500000e+00  5.088532e-04
 1.000000e-01  2.650000e+00  1.500000e+00  5.203845e-04
 1.000000e-01  2.700000e+00  1.500000e+00  5.317151e-04
 1.000000e-01  2.750000e+00  1.500000e+00  5.428494e-04
 1.000000e-01  2.800000e+00  1.500000e+00  5.537925e-04
 1.000000e-01  2.850000e+00  1.500000e+00  5.645489e-04
 1.000000e-01  2.900000e+00  1.500000e+00  5.751229e-04
 1.000000e-01  2.950000e+00  1.500000e+00  5.855193e-04
 1.000000e-01  3.000000e+00  1.500000e+00  5.957419e-04
 1.000000e-01  3.050000e+00  1.500000e+00  6.057949e-04
 1.000000e-01  3.100000e+00  1.500000e+00  6.156824e-04
 1.000000e-01  3.150000e+00  1.500000e+00  6.254082e-04
 1.000000e-01  3.200000e+00  1.500000e+00  6.349761e-04
 1.000000e-01  3.250000e+00  1.500000e+00  6.443897e-04
 1.000000e-01  3.300000e+00  1.500000e+00  6.536529e-04
 1.000000e-01  3.350000e+00  1.500000e+00  6.627686e-04
 1.000000e-01  3.400000e+00  1.500000e+00  6.717402e-04
 1.000000e-01  3.450000e+00  1.500000e+00  6.805719e-04
 1.000000e-01  3.500000e+00  1.500000e+00  6.892659e-04
 1.000000e-01  3.550000e+00  1.500000e+00  6.978253e-04
 1.000000e-01  3.600000e+00  1.500000e+00  7.062538e-04
 1.000000e-01  0.000000e+00  2.000000e+00  9.474795e-12
 1.000000e-01  5.000000e-02  2.000000e+00  9.474795e-12
 1.000000e-01  1.000000e-01  2.000000e+00  9.474795e-12
 1.000000e-01  1.500000e-01  2.000000e+00  9.474795e-12
 1.000000e-01  2.000000e-01  2.000000e+00  9.474795e-12
 1.000000e-01  2.500000e-01  2.000000e+00  9.474930e-12
 1.000000e-01  3.000000e-01  2.000000e+00  9.475466e-12
 1.000000e-01  3.500000e-01  2.000000e+00  9.478192e-12
 1.000000e-01  4.000000e-01  2.000000e+00  9.492052e-12
 1.000000e-01  4.500000e-01  2.000000e+00  9.562702e-12
 1.000000e-01  5.000000e-01  2.000000e+00  9.923674e-12
 1.000000e-01  5.500000e-01  2.000000e+00  1.177219e-11
 1.000000e-01  6.000000e-01  2.000000e+00  2.125914e-11
 1.000000e-01  6.500000e-01  2.000000e+00  7.005226e-11
 1.000000e-01  7.000000e-01  2.000000e+00  3.215103e-10
 1.000000e-01  7.500000e-01  2.000000e+00  1.619430e-09
 1.000000e-01  8.000000e-01  2.000000e+00  8.314474e-09
 1.000000e-01  8.500000e-01  2.000000e+00  4.245140e-08
 1.000000e-01  9.000000e-01  2.000000e+00  2.060783e-07
 1.000000e-01  9.500000e-01  2.000000e+00  8.411454e-07
 1.000000e-01  1.000000e+00  2.000000e+00  2.691383e-06
 1.000000e-01  1.050000e+00  2.000000e+00  7.367823e-06
 1.000000e-01  1.100000e+00  2.000000e+00  1.695950e-05
 1.000000e-01  1.150000e+00  2.000000e+00  3.213426e-05
 1.000000e-01  1.200000e+00  2.000000e+00  5.001439e-05
 1.000000e-01  1.250000e+00  2.000000e+00  6.844527e-05
 1.000000e-01  1.300000e+00  2.000000e+00  8.693964e-05
 1.000000e-01  1.350000e+00  2.000000e+00  1.053467e-04
 1.000000e-01  1.400000e+00  2.000000e+00  1.235875e-04
 1.000000e-01  1.450000e+00  2.000000e+00  1.416128e-04
 1.000000e-01  1.500000e+00  2.000000e+00  1.593909e-04
 1.000000e-01  1.550000e+00  2.000000e+00  1.769010e-04
 1.000000e-01  1.600000e+00  2.000000e+00  1.941300e-04
 1.000000e-01  1.650000e+00  2.000000e+00  2.110702e-04
 1.000000e-01  1.700000e+00  2.000000e+00  2.277175e-04
 1.000000e-01  1.750000e+00  2.000000e+00  2.440708e-04
 1.000000e-01  1.800000e+00  2.000000e+00  2.601308e-04
 1.000000e-01  1.850000e+00  2.000000e+00  2.758995e-04
 1.000000e-01  1.900000e+00  2.000000e+00  2.913804e-04
 1.000000e-01  1.950000e+00  2.000000e+00  3.065772e-04
 1.000000e-01  2.000000e+00  2.000000e+00  3.214947e-04
 1.000000e-01  2.050000e+00  2.000000e+00  3.361378e-04
 1.000000e-01  2.100000e+00  2.000000e+00  3.505118e-04
 1.000000e-01  2.150000e+00  2.000000e+00  3.646221e-04
 1.000000e-01  2.200000e+00  2.000000e+00  3.784742e-04
 1.000000e-01  2.250000e+00  2.000000e+00  3.920737e-04
 1.000000e-01  2.300000e+00  2.000000e+00  4.054262e-04
 1.000000e-01  2.350000e+00  2.000000e+00  4.185374e-04
 1.000000e-01  2.400000e+00  2.000000e+00  4.314128e-04
 1.000000e-01  2.450000e+00  2.000000e+00  4.440578e-04
 1.000000e-01  2.500000e+00  2.000000e+00  4.564777e-04
 1.000000e-01  2.550000e+00  2.000000e+00  4.686782e-04
 1.000000e-01  2.600000e+00  2.000000e+00  4.806639e-04
 1.000000e-01  2.650000e+00  2.000000e+00  4.924404e-04
 1.000000e-01  2.700000e+00  2.000000e+00  5.040126e-04
 1.000000e-01  2.750000e+00  2.000000e+00  5.153854e-04
 1.000000e-01  2.800000e+00  2.000000e+00  5.265630e-04
 1.000000e-01  2.850000e+00  2.000000e+00  5.375506e-04
 1.000000e-01  2.900000e+00  2.000000e+00  5.483525e-04
 1.000000e-01  2.950000e+00  2.000000e+00  5.589734e-04
 1.000000e-01  3.000000e+00  2.000000e+00  5.694169e-04
 1.000000e-01  3.050000e+00  2.000000e+00  5.796877e-04
 1.000000e-01  3.100000e+00  2.000000e+00  5.897894e-04
 1.000000e-01  3.150000e+00  2.000000e+00  5.997267e-04
 1.000000e-01  3.200000e+00  2.000000e+00  6.095025e-04
 1.000000e-01  3.250000e+00  2.000000e+00  6.191213e-04
 1.000000e-01  3.300000e+00  2.000000e+00  6.285861e-04
 1.000000e-01  3.350000e+00  2.000000e+00  6.379011e-04
 1.000000e-01  3.400000e+00  2.000000e+00  6.470689e-04
 1.000000e-01  3.450000e+00  2.000000e+00  6.560937e-04
 1.000000e-01  3.500000e+00  2.000000e+00  6.649776e-04
 1.000000e-01  3.550000e+00  2.000000e+00  6.737252e-04
 1.000000e-01  3.600000e+00  2.000000e+00  6.823382e-04
 1.000000e-01  0.000000e+00  2.500000e+00  1.173064e-11
 1.000000e-01  5.000000e-02  2.500000e+00  1.173064e-11
 1.000000e-01  1.000000e-01  2.500000e+00  1.173064e-11
 1.000000e-01  1.500000e-01  2.500000e+00  1.173064e-11
 1.000000e-01  2.000000e-01  2.500000e+00  1.173064e-11
 1.000000e-01  2.500000e-01  2.500000e+00  1.173064e-11
 1.000000e-01  3.000000e-01  2.500000e+00  1.173064e-11
 1.000000e-01  3.500000e-01  2.500000e+00  1.173081e-11
 1.000000e-01  4.000000e-01  2.500000e+00  1.173154e-11
 1.000000e-01  4.500000e-01  2.500000e+00  1.173534e-11
 1.000000e-01  5.000000e-01  2.500000e+00  1.175516e-11
 1.000000e-01  5.500000e-01  2.500000e+00  1.185872e-11
 1.000000e-01  6.000000e-01  2.500000e+00  1.240078e-11
 1.000000e-01  6.500000e-01  2.500000e+00  1.524316e-11
 1.000000e-01  7.000000e-01  2.500000e+00  3.017315e-11
 1.000000e-01  7.500000e-01  2.500000e+00  1.087261e-10
 1.000000e-01  8.000000e-01  2.500000e+00  5.226458e-10
 1.000000e-01  8.500000e-01  2.500000e+00  2.705331e-09
 1.000000e-01  9.000000e-01  2.500000e+00  1.417914e-08
 1.000000e-01  9.500000e-01  2.500000e+00  7.314277e-08
 1.000000e-01  1.000000e+00  2.500000e+00  3.457491e-07
 1.000000e-01  1.050000e+00  2.500000e+00  1.299691e-06
 1.000000e-01  1.100000e+00  2.500000e+00  3.935840e-06
 1.000000e-01  1.150000e+00  2.500000e+00  1.020249e-05
 1.000000e-01  1.200000e+00  2.500000e+00  2.192494e-05
 1.000000e-01  1.250000e+00  2.500000e+00  3.834409e-05
 1.000000e-01  1.300000e+00  2.500000e+00  5.625058e-05
 1.000000e-01  1.350000e+00  2.500000e+00  7.442127e-05
 1.000000e-01  1.400000e+00  2.500000e+00  9.258462e-05
 1.000000e-01  1.450000e+00  2.500000e+00  1.106312e-04
 1.000000e-01  1.500000e+00  2.500000e+00  1.284975e-04
 1.000000e-01  1.550000e+00  2.500000e+00  1.461430e-04
 1.000000e-01  1.600000e+00  2.500000e+00  1.635412e-04
 1.000000e-01  1.650000e+00  2.500000e+00  1.806749e-04
 1.000000e-01  1.700000e+00  2.500000e+00  1.975335e-04
 1.000000e-01  1.750000e+00  2.500000e+00  2.141108e-04
 1.000000e-01  1.800000e+00  2.500000e+00  2.304039e-04
 1.000000e-01  1.850000e+00  2.500000e+00  2.464122e-04
 1.000000e-01  1.900000e+00  2.500000e+00  2.621368e-04
 1.000000e-01  1.950000e+00  2.500000e+00  2.775802e-04
 1.000000e-01  2.000000e+00  2.500000e+00  2.927456e-04
 1.000000e-01  2.050000e+00  2.500000e+00  3.076371e-04
 1.000000e-01  2.100000e+00  2.500000e+00  3.222590e-04
 1.000000e-01  2.150000e+00  2.500000e+00  3.366162e-04
 1.000000e-01  2.200000e+00  2.500000e+00  3.507138e-04
 1.000000e-01  2.250000e+00  2.500000e+00  3.645571e-04
 1.000000e-01  2.300000e+00  2.500000e+00  3.781512e-04
 1.000000e-01  2.350000e+00  2.500000e+00  3.915016e-04
 1.000000e-01  2.400000e+00  2.500000e+00  4.046136e-04
 1.000000e-01  2.450000e+00  2.500000e+00  4.174925e-04
 1.000000e-01  2.500000e+00  2.500000e+00  4.301437e-04
 1.000000e-01  2.550000e+00  2.500000e+00  4.425723e-04
 1.000000e-01  2.600000e+00  2.500000e+00  4.547835e-04
 1.000000e-01  2.650000e+00  2.500000e+00  4.667823e-04
 1.000000e-01  2.700000e+00  2.500000e+00  4.785736e-04
 1.000000e-01  2.750000e+00  2.500000e+00  4.901625e-04
 1.000000e-01  2.800000e+00  2.500000e+00  5.015533e-04
 1.000000e-01  2.850000e+00  2.500000e+00  5.127516e-04
 1.000000e-01  2.900000e+00  2.500000e+00  5.237604e-04
 1.000000e-01  2.950000e+00  2.500000e+00  5.345856e-04
 1.000000e-01  3.000000e+00  2.500000e+00  5.452303e-04
 1.000000e-01  3.050000e+00  2.500000e+00  5.556996e-04
 1.000000e-01  3.100000e+00  2.500000e+00  5.659969e-04
 1.000000e-01  3.150000e+00  2.500000e+00  5.761269e-04
 1.000000e-01  3.200000e+00  2.500000e+00  5.860926e-04
 1.000000e-01  3.250000e+00  2.500000e+00  5.958986e-04
 1.000000e-01  3.300000e+00  2.500000e+00  6.055479e-04
 1.000000e-01  3.350000e+00  2.500000e+00  6.150443e-04
 1.000000e-01  3.400000e+00  2.500000e+00  6.243912e-04
 1.000000e-01  3.450000e+00  2.500000e+00  6.335923e-04
 1.000000e-01  3.500000e+00  2.500000e+00  6.426504e-04
 1.000000e-01  3.550000e+00  2.500000e+00  6.515690e-04
 1.000000e-01  3.600000e+00  2.500000e+00  6.603512e-04
 1.000000e-01  0.000000e+00  3.000000e+00  1.398648e-11
 1.000000e-01  5.000000e-02  3.000000e+00  1.398648e-11
 1.000000e-01  1.000000e-01  3.000000e+00  1.398648e-11
 1.000000e-01  1.500000e-01  3.000000e+00  1.398648e-11
 1.000000e-01  2.000000e-01  3.000000e+00  1.398648e-11
 1.000000e-01  2.500000e-01  3.000000e+00  1.398648e-11
 1.000000e-01  3.000000e-01  3.000000e+00  1.398648e-11
 1.000000e-01  3.500000e-01  3.000000e+00  1.398648e-11
 1.000000e-01  4.000000e-01  3.000000e+00  1.398648e-11
 1.000000e-01  4.500000e-01  3.000000e+00  1.398678e-11
 1.000000e-01  5.000000e-01  3.000000e+00  1.398809e-11
 1.000000e-01  5.500000e-01  3.000000e+00  1.399504e-11
 1.000000e-01  6.000000e-01  3.000000e+00  1.403202e-11
 1.000000e-01  6.500000e-01  3.000000e+00  1.422904e-11
 1.000000e-01  7.000000e-01  3.000000e+00  1.528032e-11
 1.000000e-01  7.500000e-01  3.000000e+00  2.089778e-11
 1.000000e-01  8.000000e-01  3.000000e+00  5.095629e-11
 1.000000e-01  8.500000e-01  3.000000e+00  2.120081e-10
 1.000000e-01  9.000000e-01  3.000000e+00  1.075772e-09
 1.000000e-01  9.500000e-01  3.000000e+00  5.705447e-09
 1.000000e-01  1.000000e+00  3.000000e+00  3.029393e-08
 1.000000e-01  1.050000e+00  3.000000e+00  1.544211e-07
 1.000000e-01  1.100000e+00  3.000000e+00  6.714558e-07
 1.000000e-01  1.150000e+00  3.000000e+00  2.252498e-06
 1.000000e-01  1.200000e+00  3.000000e+00  6.378138e-06
 1.000000e-01  1.250000e+00  3.000000e+00  1.514393e-05
 1.000000e-01  1.300000e+00  3.000000e+00  2.944978e-05
 1.000000e-01  1.350000e+00  3.000000e+00  4.665213e-05
 1.000000e-01  1.400000e+00  3.000000e+00  6.446615e-05
 1.000000e-01  1.450000e+00  3.000000e+00  8.236787e-05
 1.000000e-01  1.500000e+00  3.000000e+00  1.002029e-04
 1.000000e-01  1.550000e+00  3.000000e+00  1.178919e-04
 1.000000e-01  1.600000e+00  3.000000e+00  1.353855e-04
 1.000000e-01  1.650000e+00  3.000000e+00  1.526517e-04
 1.000000e-01  1.700000e+00  3.000000e+00  1.696693e-04
 1.000000e-01  1.750000e+00  3.000000e+00  1.864251e-04
 1.000000e-01  1.800000e+00  3.000000e+00  2.029107e-04
 1.000000e-01  1.850000e+00  3.000000e+00  2.191218e-04
 1.000000e-01  1.900000e+00  3.000000e+00  2.350565e-04
 1.000000e-01  1.950000e+00  3.000000e+00  2.507150e-04
 1.000000e-01  2.000000e+00  3.000000e+00  2.660989e-04
 1.000000e-01  2.050000e+00  3.000000e+00  2.812110e-04
 1.000000e-01  2.100000e+00  3.000000e+00  2.960546e-04
 1.000000e-01  2.150000e+00  3.000000e+00  3.106337e-04
 1.000000e-01  2.200000e+00  3.000000e+00  3.249528e-04
 1.000000e-01  2.250000e+00  3.000000e+00  3.390166e-04
 1.000000e-01  2.300000e+00  3.000000e+00  3.528300e-04
 1.000000e-01  2.350000e+00  3.000000e+00  3.663981e-04
 1.000000e-01  2.400000e+00  3.000000e+00  3.797258e-04
 1.000000e-01  2.450000e+00  3.000000e+00  3.928184e-04
 1.000000e-01  2.500000e+00  3.000000e+00  4.056809e-04
 1.000000e-01  2.550000e+00  3.000000e+00  4.183186e-04
 1.000000e-01  2.600000e+00  3.000000e+00  4.307364e-04
 1.000000e-01  2.650000e+00  3.000000e+00  4.429392e-04
 1.000000e-01  2.700000e+00  3.000000e+00  4.549320e-04
 1.000000e-01  2.750000e+00  3.000000e+00  4.667198e-04
 1.000000e-01  2.800000e+00  3.000000e+00  4.783072e-04
 1.000000e-01  2.850000e+00  3.000000e+00  4.896985e-04
 1.000000e-01  2.900000e+00  3.000000e+00  5.008986e-04
 1.000000e-01  2.950000e+00  3.000000e+00  5.119119e-04
 1.000000e-01  3.000000e+00  3.000000e+00  5.227425e-04
 1.000000e-01  3.050000e+00  3.000000e+00  5.333945e-04
 1.000000e-01  3.100000e+00  3.000000e+00  5.438727e-04
 1.000000e-01  3.150000e+00  3.000000e+00  5.541800e-04
 1.000000e-01  3.200000e+00  3.000000e+00  5.643216e-04
 1.000000e-01  3.250000e+00  3.000000e+00  5.743004e-04
 1.000000e-01  3.300000e+00  3.000000e+00  5.841198e-04
 1.000000e-01  3.350000e+00  3.000000e+00  5.937844e-04
 1.000000e-01  3.400000e+00  3.000000e+00  6.032970e-04
 1.000000e-01  3.450000e+00  3.000000e+00  6.126615e-04
 1.000000e-01  3.500000e+00  3.000000e+00  6.218807e-04
 1.000000e-01  3.550000e+00  3.000000e+00  6.309576e-04
 1.000000e-01  3.600000e+00  3.000000e+00  6.398964e-04
 3.300000e+00  0.000000e+00  0.000000e+00  1.739575e-11
 3.300000e+00  5.000000e-02  0.000000e+00  2.459064e-11
 3.300000e+00  1.000000e-01  0.000000e+00  5.300896e-11
 3.300000e+00  1.500000e-01  0.000000e+00  1.667879e-10
 3.300000e+00  2.000000e-01  0.000000e+00  6.280763e-10
 3.300000e+00  2.500000e-01  0.000000e+00  2.519567e-09
 3.300000e+00  3.000000e-01  0.000000e+00  1.034545e-08
 3.300000e+00  3.500000e-01  0.000000e+00  4.277446e-08
 3.300000e+00  4.000000e-01  0.000000e+00  1.737244e-07
 3.300000e+00  4.500000e-01  0.000000e+00  6.470910e-07
 3.300000e+00  5.000000e-01  0.000000e+00  2.011524e-06
 3.300000e+00  5.500000e-01  0.000000e+00  5.368351e-06
 3.300000e+00  6.000000e-01  0.000000e+00  1.272789e-05
 3.300000e+00  6.500000e-01  0.000000e+00  2.610121e-05
 3.300000e+00  7.000000e-01  0.000000e+00  4.677597e-05
 3.300000e+00  7.500000e-01  0.000000e+00  7.544466e-05
 3.300000e+00  8.000000e-01  0.000000e+00  1.124471e-04
 3.300000e+00  8.500000e-01  0.000000e+00  1.579208e-04
 3.300000e+00  9.000000e-01  0.000000e+00  2.118833e-04
 3.300000e+00  9.500000e-01  0.000000e+00  2.742772e-04
 3.300000e+00  1.000000e+00  0.000000e+00  3.449977e-04
 3.300000e+00  1.050000e+00  0.000000e+00  4.239081e-04
 3.300000e+00  1.100000e+00  0.000000e+00  5.108512e-04
 3.300000e+00  1.150000e+00  0.000000e+00  6.056555e-04
 3.300000e+00  1.200000e+00  0.000000e+00  7.081407e-04
 3.300000e+00  1.250000e+00  0.000000e+00  8.181207e-04
 3.300000e+00  1.300000e+00  0.000000e+00  9.354069e-04
 3.300000e+00  1.350000e+00  0.000000e+00  1.059809e-03
 3.300000e+00  1.400000e+00  0.000000e+00  1.191137e-03
 3.300000e+00  1.450000e+00  0.000000e+00  1.329203e-03
 3.300000e+00  1.500000e+00  0.000000e+00  1.473820e-03
 3.300000e+00  1.550000e+00  0.000000e+00  1.624803e-03
 3.300000e+00  1.600000e+00  0.000000e+00  1.781972e-03
 3.300000e+00  1.650000e+00  0.000000e+00  1.945148e-03
 3.300000e+00  1.700000e+00  0.000000e+00  2.114160e-03
 3.300000e+00  1.750000e+00  0.000000e+00  2.288835e-03
 3.300000e+00  1.800000e+00  0.000000e+00  2.469010e-03
 3.300000e+00  1.850000e+00  0.000000e+00  2.654519e-03
 3.300000e+00  1.900000e+00  0.000000e+00  2.845208e-03
 3.300000e+00  1.950000e+00  0.000000e+00  3.040920e-03
 3.300000e+00  2.000000e+00  0.000000e+00  3.241507e-03
 3.300000e+00  2.050000e+00  0.000000e+00  3.446822e-03
 3.300000e+00  2.100000e+00  0.000000e+00  3.656724e-03
 3.300000e+00  2.150000e+00  0.000000e+00  3.871075e-03
 3.300000e+00  2.200000e+00  0.000000e+00  4.089740e-03
 3.300000e+00  2.250000e+00  0.000000e+00  4.312588e-03
 3.300000e+00  2.300000e+00  0.000000e+00  4.539497e-03
 3.300000e+00  2.350000e+00  0.000000e+00  4.770333e-03
 3.300000e+00  2.400000e+00  0.000000e+00  5.004990e-03
 3.300000e+00  2.450000e+00  0.000000e+00  5.243337e-03
 3.300000e+00  2.500000e+00  0.000000e+00  5.485271e-03
 3.300000e+00  2.550000e+00  0.000000e+00  5.730678e-03
 3.300000e+00  2.600000e+00  0.000000e+00  5.979451e-03
 3.300000e+00  2.650000e+00  0.000000e+00  6.231483e-03
 3.300000e+00  2.700000e+00  0.000000e+00  6.486669e-03
 3.300000e+00  2.750000e+00  0.000000e+00  6.744915e-03
 3.300000e+00  2.800000e+00  0.000000e+00  7.006118e-03
 3.300000e+00  2.850000e+00  0.000000e+00  7.270182e-03
 3.300000e+00  2.900000e+00  0.000000e+00  7.537014e-03
 3.300000e+00  2.950000e+00  0.000000e+00  7.806523e-03
 3.300000e+00  3.000000e+00  0.000000e+00  8.078612e-03
 3.300000e+00  3.050000e+00  0.000000e+00  8.353193e-03
 3.300000e+00  3.100000e+00  0.000000e+00  8.630172e-03
 3.300000e+00  3.150000e+00  0.000000e+00  8.909465e-03
 3.300000e+00  3.200000e+00  0.000000e+00  9.190980e-03
 3.300000e+00  3.250000e+00  0.000000e+00  9.474624e-03
 3.300000e+00  3.300000e+00  0.000000e+00  9.760315e-03
 3.300000e+00  3.350000e+00  0.000000e+00  1.004796e-02
 3.300000e+00  3.400000e+00  0.000000e+00  1.033746e-02
 3.300000e+00  3.450000e+00  0.000000e+00  1.062873e-02
 3.300000e+00  3.500000e+00  0.000000e+00  1.092169e-02
 3.300000e+00  3.550000e+00  0.000000e+00  1.121622e-02
 3.300000e+00  3.600000e+00  0.000000e+00  1.151224e-02
 3.300000e+00  0.000000e+00  3.000000e+00  2.842384e-11
 3.300000e+00  5.000000e-02  3.000000e+00  2.842384e-11
 3.300000e+00  1.000000e-01  3.000000e+00  2.842384e-11
 3.300000e+00  1.500000e-01  3.000000e+00  2.842384e-11
 3.300000e+00  2.000000e-01  3.000000e+00  2.842384e-11
 3.300000e+00  2.500000e-01  3.000000e+00  2.842384e-11
 3.300000e+00  3.000000e-01  3.000000e+00  2.842384e-11
 3.300000e+00  3.500000e-01  3.000000e+00  2.842384e-11
 3.300000e+00  4.000000e-01  3.000000e+00  2.842416e-11
 3.300000e+00  4.500000e-01  3.000000e+00  2.842553e-11
 3.300000e+00  5.000000e-01  3.000000e+00  2.843277e-11
 3.300000e+00  5.500000e-01  3.000000e+00  2.847135e-11
 3.300000e+00  6.000000e-01  3.000000e+00  2.867678e-11
 3.300000e+00  6.500000e-01  3.000000e+00  2.977284e-11
 3.300000e+00  7.000000e-01  3.000000e+00  3.562921e-11
 3.300000e+00  7.500000e-01  3.000000e+00  6.696405e-11
 3.300000e+00  8.000000e-01  3.000000e+00  2.348430e-10
 3.300000e+00  8.500000e-01  3.000000e+00  1.135176e-09
 3.300000e+00  9.000000e-01  3.000000e+00  5.960966e-09
 3.300000e+00  9.500000e-01  3.000000e+00  3.160154e-08
 3.300000e+00  1.000000e+00  3.000000e+00  1.613167e-07
 3.300000e+00  1.050000e+00  3.000000e+00  7.046829e-07
 3.300000e+00  1.100000e+00  3.000000e+00  2.366517e-06
 3.300000e+00  1.150000e+00  3.000000e+00  6.693552e-06
 3.300000e+00  1.200000e+00  3.000000e+00  1.594598e-05
 3.300000e+00  1.250000e+00  3.000000e+00  3.177999e-05
 3.300000e+00  1.300000e+00  3.000000e+00  5.507239e-05
 3.300000e+00  1.350000e+00  3.000000e+00  8.624493e-05
 3.300000e+00  1.400000e+00  3.000000e+00  1.254777e-04
 3.300000e+00  1.450000e+00  3.000000e+00  1.728173e-04
 3.300000e+00  1.500000e+00  3.000000e+00  2.282312e-04
 3.300000e+00  1.550000e+00  3.000000e+00  2.916383e-04
 3.300000e+00  1.600000e+00  3.000000e+00  3.629259e-04
 3.300000e+00  1.650000e+00  3.000000e+00  4.419612e-04
 3.300000e+00  1.700000e+00  3.000000e+00  5.285970e-04
 3.300000e+00  1.750000e+00  3.000000e+00  6.226781e-04
 3.300000e+00  1.800000e+00  3.000000e+00  7.240423e-04
 3.300000e+00  1.850000e+00  3.000000e+00  8.325247e-04
 3.300000e+00  1.900000e+00  3.000000e+00  9.479592e-04
 3.300000e+00  1.950000e+00  3.000000e+00  1.070177e-03
 3.300000e+00  2.000000e+00  3.000000e+00  1.199013e-03
 3.300000e+00  2.050000e+00  3.000000e+00  1.334300e-03
 3.300000e+00  2.100000e+00  3.000000e+00  1.475875e-03
 3.300000e+00  2.150000e+00  3.000000e+00  1.623575e-03
 3.300000e+00  2.200000e+00  3.000000e+00  1.777241e-03
 3.300000e+00  2.250000e+00  3.000000e+00  1.936715e-03
 3.300000e+00  2.300000e+00  3.000000e+00  2.101843e-03
 3.300000e+00  2.350000e+00  3.000000e+00  2.272475e-03
 3.300000e+00  2.400000e+00  3.000000e+00  2.448461e-03
 3.300000e+00  2.450000e+00  3.000000e+00  2.629657e-03
 3.300000e+00  2.500000e+00  3.000000e+00  2.815920e-03
 3.300000e+00  2.550000e+00  3.000000e+00  3.007112e-03
 3.300000e+00  2.600000e+00  3.000000e+00  3.203096e-03
 3.300000e+00  2.650000e+00  3.000000e+00  3.403741e-03
 3.300000e+00  2.700000e+00  3.000000e+00  3.608916e-03
 3.300000e+00  2.750000e+00  3.000000e+00  3.818495e-03
 3.300000e+00  2.800000e+00  3.000000e+00  4.032354e-03
 3.300000e+00  2.850000e+00  3.000000e+00  4.250373e-03
 3.300000e+00  2.900000e+00  3.000000e+00  4.472432e-03
 3.300000e+00  2.950000e+00  3.000000e+00  4.698418e-03
 3.300000e+00  3.000000e+00  3.000000e+00  4.928216e-03
 3.300000e+00  3.050000e+00  3.000000e+00  5.161716e-03
 3.300000e+00  3.100000e+00  3.000000e+00  5.398812e-03
 3.300000e+00  3.150000e+00  3.000000e+00  5.639391e-03
 3.300000e+00  3.200000e+00  3.000000e+00  5.883359e-03
 3.300000e+00  3.250000e+00  3.000000e+00  6.130606e-03
 3.300000e+00  3.300000e+00  3.000000e+00  6.381032e-03
 3.300000e+00  3.350000e+00  3.000000e+00  6.634539e-03
 3.300000e+00  3.400000e+00  3.000000e+00  6.891026e-03
 3.300000e+00  3.450000e+00  3.000000e+00  7.150397e-03
 3.300000e+00  3.500000e+00  3.000000e+00  7.412553e-03
 3.300000e+00  3.550000e+00  3.000000e+00  7.677396e-03
 3.300000e+00  3.600000e+00  3.000000e+00  7.944835e-03
